vetor.x <- 3
vetor.y <- 4
grafo <- {1, 2, 3, 4, 5}
grafo <- [1, 2, 3, 4, 5]
grafo <- 1, 2, 3, 4, 5
?matrix
grafo <- c([0, 20, -1, -1, -1, -1, -1, 29, -1, -1, -1, 29, 37, -1, -1, -1, -1, -1],
[20, 0, 25, -1, -1, -1, -1, 28, -1, -1, -1, 39, -1, -1, -1, -1, -1, -1],
[-1, 25, 0, 24, -1, -1, -1, 30, -1, -1, -1, -1, 54, -1, -1, -1, -1, -1],
[-1, -1, 25, 0, 39, 32, 42, -1, 23, 33, -1, -1, -1, 56, -1, -1, -1, -1],
[-1, -1, -1, 39, 0, 12, 26, -1, -1, 19, -1, -1, -1, -1, -1, -1, -1, -1],
[-1, -1, -1, 32, 12, 0, 17, -1, -1, -1, 30, -1, -1, -1, -1, -1, -1, -1],
[-1, -1, -1, 42, 26, 17, 0, -1, -1, -1, 38, -1, -1, -1, -1, -1, -1, -1],
[29, 28, 30, -1, -1, -1, -1, 0, -1, -1, -1, 25, 22, -1, -1, -1, -1, -1],
[-1, -1, -1, 23, -1, -1, -1, -1, 0, 26, -1, -1, 34, 37, -1, 43, -1, -1],
[-1, -1, -1, 33, 19, 35, -1, -1, 26, 0, 24, -1, -1, 30, 19, -1, -1, -1],
[-1, -1, -1, -1, -1, 30, 38, -1, -1, 24, 0, -1, -1, -1, 26, -1, -1, 36],
[29, 39, -1, -1, -1, -1, -1, 25, -1, -1, -1, 0, 27, -1, -1, 43, -1, -1],
[37, -1, 54, -1, -1, -1, -1, 22, 34, -1, -1, 27, 0, 24, -1, 19, -1, -1],
[-1, -1, -1, 56, -1, -1, -1, -1, 37, 30, -1, -1, 24, 0, 20, 19, 17, -1],
[-1, -1, -1, -1, -1, -1, -1, -1, -1, 19, 26, -1, -1, 20, 0, -1, 18, 21],
[-1, -1, -1, -1, -1, -1, -1, -1, 43, -1, -1, 43, 19, 19, -1, 0, 26, -1],
[-1, -1, -1, -1, -1, -1, -1, -1, -1, -1, -1, -1, -1, 17, 18, 26, 0, 15],
[-1, -1, -1, -1, -1, -1, -1, -1, -1, -1, 36, -1, -1, -1, 21, -1, 15, 0])
rm(list = ls())
grafo <- c(0, 20, -1, -1, -1, -1, -1, 29, -1, -1, -1, 29, 37, -1, -1, -1, -1, -1,
20, 0, 25, -1, -1, -1, -1, 28, -1, -1, -1, 39, -1, -1, -1, -1, -1, -1,
-1, 25, 0, 24, -1, -1, -1, 30, -1, -1, -1, -1, 54, -1, -1, -1, -1, -1,
-1, -1, 25, 0, 39, 32, 42, -1, 23, 33, -1, -1, -1, 56, -1, -1, -1, -1,
-1, -1, -1, 39, 0, 12, 26, -1, -1, 19, -1, -1, -1, -1, -1, -1, -1, -1,
-1, -1, -1, 32, 12, 0, 17, -1, -1, -1, 30, -1, -1, -1, -1, -1, -1, -1,
-1, -1, -1, 42, 26, 17, 0, -1, -1, -1, 38, -1, -1, -1, -1, -1, -1, -1,
29, 28, 30, -1, -1, -1, -1, 0, -1, -1, -1, 25, 22, -1, -1, -1, -1, -1,
-1, -1, -1, 23, -1, -1, -1, -1, 0, 26, -1, -1, 34, 37, -1, 43, -1, -1,
-1, -1, -1, 33, 19, 35, -1, -1, 26, 0, 24, -1, -1, 30, 19, -1, -1, -1,
-1, -1, -1, -1, -1, 30, 38, -1, -1, 24, 0, -1, -1, -1, 26, -1, -1, 36,
29, 39, -1, -1, -1, -1, -1, 25, -1, -1, -1, 0, 27, -1, -1, 43, -1, -1,
37, -1, 54, -1, -1, -1, -1, 22, 34, -1, -1, 27, 0, 24, -1, 19, -1, -1,
-1, -1, -1, 56, -1, -1, -1, -1, 37, 30, -1, -1, 24, 0, 20, 19, 17, -1,
-1, -1, -1, -1, -1, -1, -1, -1, -1, 19, 26, -1, -1, 20, 0, -1, 18, 21,
-1, -1, -1, -1, -1, -1, -1, -1, 43, -1, -1, 43, 19, 19, -1, 0, 26, -1,
-1, -1, -1, -1, -1, -1, -1, -1, -1, -1, -1, -1, -1, 17, 18, 26, 0, 15,
-1, -1, -1, -1, -1, -1, -1, -1, -1, -1, 36, -1, -1, -1, 21, -1, 15, 0)
matrix(grafo, ncol = 18)
grafo <- rbind(c(0, 20, -1, -1, -1, -1, -1, 29, -1, -1, -1, 29, 37, -1, -1, -1, -1, -1),
c(20, 0, 25, -1, -1, -1, -1, 28, -1, -1, -1, 39, -1, -1, -1, -1, -1, -1),
c(-1, 25, 0, 24, -1, -1, -1, 30, -1, -1, -1, -1, 54, -1, -1, -1, -1, -1),
c(-1, -1, 25, 0, 39, 32, 42, -1, 23, 33, -1, -1, -1, 56, -1, -1, -1, -1),
c(-1, -1, -1, 39, 0, 12, 26, -1, -1, 19, -1, -1, -1, -1, -1, -1, -1, -1),
c(-1, -1, -1, 32, 12, 0, 17, -1, -1, -1, 30, -1, -1, -1, -1, -1, -1, -1),
c(-1, -1, -1, 42, 26, 17, 0, -1, -1, -1, 38, -1, -1, -1, -1, -1, -1, -1),
c(29, 28, 30, -1, -1, -1, -1, 0, -1, -1, -1, 25, 22, -1, -1, -1, -1, -1),
c(-1, -1, -1, 23, -1, -1, -1, -1, 0, 26, -1, -1, 34, 37, -1, 43, -1, -1),
c(-1, -1, -1, 33, 19, 35, -1, -1, 26, 0, 24, -1, -1, 30, 19, -1, -1, -1),
c(-1, -1, -1, -1, -1, 30, 38, -1, -1, 24, 0, -1, -1, -1, 26, -1, -1, 36),
c(29, 39, -1, -1, -1, -1, -1, 25, -1, -1, -1, 0, 27, -1, -1, 43, -1, -1),
c(37, -1, 54, -1, -1, -1, -1, 22, 34, -1, -1, 27, 0, 24, -1, 19, -1, -1),
c(-1, -1, -1, 56, -1, -1, -1, -1, 37, 30, -1, -1, 24, 0, 20, 19, 17, -1),
c(-1, -1, -1, -1, -1, -1, -1, -1, -1, 19, 26, -1, -1, 20, 0, -1, 18, 21),
c(-1, -1, -1, -1, -1, -1, -1, -1, 43, -1, -1, 43, 19, 19, -1, 0, 26, -1),
c(-1, -1, -1, -1, -1, -1, -1, -1, -1, -1, -1, -1, -1, 17, 18, 26, 0, 15),
c(-1, -1, -1, -1, -1, -1, -1, -1, -1, -1, 36, -1, -1, -1, 21, -1, 15, 0))
View(grafo)
View(grafo)
grafo[1,1]
grafo[1,2]
View(grafo)
install.packages(“igraph”)
install.packages("igraph"
)
library("igraph")
library(igraph)
grafo <- as.matrix(rbind(c(0, 20, -1, -1, -1, -1, -1, 29, -1, -1, -1, 29, 37, -1, -1, -1, -1, -1),
c(20, 0, 25, -1, -1, -1, -1, 28, -1, -1, -1, 39, -1, -1, -1, -1, -1, -1),
c(-1, 25, 0, 24, -1, -1, -1, 30, -1, -1, -1, -1, 54, -1, -1, -1, -1, -1),
c(-1, -1, 25, 0, 39, 32, 42, -1, 23, 33, -1, -1, -1, 56, -1, -1, -1, -1),
c(-1, -1, -1, 39, 0, 12, 26, -1, -1, 19, -1, -1, -1, -1, -1, -1, -1, -1),
c(-1, -1, -1, 32, 12, 0, 17, -1, -1, -1, 30, -1, -1, -1, -1, -1, -1, -1),
c(-1, -1, -1, 42, 26, 17, 0, -1, -1, -1, 38, -1, -1, -1, -1, -1, -1, -1),
c(29, 28, 30, -1, -1, -1, -1, 0, -1, -1, -1, 25, 22, -1, -1, -1, -1, -1),
c(-1, -1, -1, 23, -1, -1, -1, -1, 0, 26, -1, -1, 34, 37, -1, 43, -1, -1),
c(-1, -1, -1, 33, 19, 35, -1, -1, 26, 0, 24, -1, -1, 30, 19, -1, -1, -1),
c(-1, -1, -1, -1, -1, 30, 38, -1, -1, 24, 0, -1, -1, -1, 26, -1, -1, 36),
c(29, 39, -1, -1, -1, -1, -1, 25, -1, -1, -1, 0, 27, -1, -1, 43, -1, -1),
c(37, -1, 54, -1, -1, -1, -1, 22, 34, -1, -1, 27, 0, 24, -1, 19, -1, -1),
c(-1, -1, -1, 56, -1, -1, -1, -1, 37, 30, -1, -1, 24, 0, 20, 19, 17, -1),
c(-1, -1, -1, -1, -1, -1, -1, -1, -1, 19, 26, -1, -1, 20, 0, -1, 18, 21),
c(-1, -1, -1, -1, -1, -1, -1, -1, 43, -1, -1, 43, 19, 19, -1, 0, 26, -1),
c(-1, -1, -1, -1, -1, -1, -1, -1, -1, -1, -1, -1, -1, 17, 18, 26, 0, 15),
c(-1, -1, -1, -1, -1, -1, -1, -1, -1, -1, 36, -1, -1, -1, 21, -1, 15, 0)))
View(grafo)
rm(list = ls())
#Upar pro git -> git push --mirror https://github.com/LuanPoi/IA_AGxPSO.git
#Bibliotecas:
library(igraph)
#Definição de variáveis
grafo <- as.matrix(rbind(c(0, 20, -1, -1, -1, -1, -1, 29, -1, -1, -1, 29, 37, -1, -1, -1, -1, -1),
c(20, 0, 25, -1, -1, -1, -1, 28, -1, -1, -1, 39, -1, -1, -1, -1, -1, -1),
c(-1, 25, 0, 24, -1, -1, -1, 30, -1, -1, -1, -1, 54, -1, -1, -1, -1, -1),
c(-1, -1, 25, 0, 39, 32, 42, -1, 23, 33, -1, -1, -1, 56, -1, -1, -1, -1),
c(-1, -1, -1, 39, 0, 12, 26, -1, -1, 19, -1, -1, -1, -1, -1, -1, -1, -1),
c(-1, -1, -1, 32, 12, 0, 17, -1, -1, -1, 30, -1, -1, -1, -1, -1, -1, -1),
c(-1, -1, -1, 42, 26, 17, 0, -1, -1, -1, 38, -1, -1, -1, -1, -1, -1, -1),
c(29, 28, 30, -1, -1, -1, -1, 0, -1, -1, -1, 25, 22, -1, -1, -1, -1, -1),
c(-1, -1, -1, 23, -1, -1, -1, -1, 0, 26, -1, -1, 34, 37, -1, 43, -1, -1),
c(-1, -1, -1, 33, 19, 35, -1, -1, 26, 0, 24, -1, -1, 30, 19, -1, -1, -1),
c(-1, -1, -1, -1, -1, 30, 38, -1, -1, 24, 0, -1, -1, -1, 26, -1, -1, 36),
c(29, 39, -1, -1, -1, -1, -1, 25, -1, -1, -1, 0, 27, -1, -1, 43, -1, -1),
c(37, -1, 54, -1, -1, -1, -1, 22, 34, -1, -1, 27, 0, 24, -1, 19, -1, -1),
c(-1, -1, -1, 56, -1, -1, -1, -1, 37, 30, -1, -1, 24, 0, 20, 19, 17, -1),
c(-1, -1, -1, -1, -1, -1, -1, -1, -1, 19, 26, -1, -1, 20, 0, -1, 18, 21),
c(-1, -1, -1, -1, -1, -1, -1, -1, 43, -1, -1, 43, 19, 19, -1, 0, 26, -1),
c(-1, -1, -1, -1, -1, -1, -1, -1, -1, -1, -1, -1, -1, 17, 18, 26, 0, 15),
c(-1, -1, -1, -1, -1, -1, -1, -1, -1, -1, 36, -1, -1, -1, 21, -1, 15, 0)))
View(grafo)
rm(list = ls())
#Upar pro git -> git push --mirror https://github.com/LuanPoi/IA_AGxPSO.git
#Bibliotecas:
library(igraph)
#Definição de variáveis
matrizDeAdjacencia <- as.matrix(rbind(c(0, 20, -1, -1, -1, -1, -1, 29, -1, -1, -1, 29, 37, -1, -1, -1, -1, -1),
c(20, 0, 25, -1, -1, -1, -1, 28, -1, -1, -1, 39, -1, -1, -1, -1, -1, -1),
c(-1, 25, 0, 24, -1, -1, -1, 30, -1, -1, -1, -1, 54, -1, -1, -1, -1, -1),
c(-1, -1, 25, 0, 39, 32, 42, -1, 23, 33, -1, -1, -1, 56, -1, -1, -1, -1),
c(-1, -1, -1, 39, 0, 12, 26, -1, -1, 19, -1, -1, -1, -1, -1, -1, -1, -1),
c(-1, -1, -1, 32, 12, 0, 17, -1, -1, -1, 30, -1, -1, -1, -1, -1, -1, -1),
c(-1, -1, -1, 42, 26, 17, 0, -1, -1, -1, 38, -1, -1, -1, -1, -1, -1, -1),
c(29, 28, 30, -1, -1, -1, -1, 0, -1, -1, -1, 25, 22, -1, -1, -1, -1, -1),
c(-1, -1, -1, 23, -1, -1, -1, -1, 0, 26, -1, -1, 34, 37, -1, 43, -1, -1),
c(-1, -1, -1, 33, 19, 35, -1, -1, 26, 0, 24, -1, -1, 30, 19, -1, -1, -1),
c(-1, -1, -1, -1, -1, 30, 38, -1, -1, 24, 0, -1, -1, -1, 26, -1, -1, 36),
c(29, 39, -1, -1, -1, -1, -1, 25, -1, -1, -1, 0, 27, -1, -1, 43, -1, -1),
c(37, -1, 54, -1, -1, -1, -1, 22, 34, -1, -1, 27, 0, 24, -1, 19, -1, -1),
c(-1, -1, -1, 56, -1, -1, -1, -1, 37, 30, -1, -1, 24, 0, 20, 19, 17, -1),
c(-1, -1, -1, -1, -1, -1, -1, -1, -1, 19, 26, -1, -1, 20, 0, -1, 18, 21),
c(-1, -1, -1, -1, -1, -1, -1, -1, 43, -1, -1, 43, 19, 19, -1, 0, 26, -1),
c(-1, -1, -1, -1, -1, -1, -1, -1, -1, -1, -1, -1, -1, 17, 18, 26, 0, 15),
c(-1, -1, -1, -1, -1, -1, -1, -1, -1, -1, 36, -1, -1, -1, 21, -1, 15, 0)))
graph.adjacency()
?graph.adjacency()
grafo <- graph.adjacency(matrizDeAdjacencia, mode = "undirected", weighted = TRUE)
plot(grafo)
plot.igraph(grafo)
plot(g, edge.label=round(E(g)$weight, 3))
plot(grafo, edge.label=round(E(grafo)$weight, 3))
tkplot(grafo, edge.label=round(E(grafo)$weight, 3))
grafo <- graph_from_adjacency_matrix(matrizDeAdjacencia, mode = "undirected", weighted = TRUE
tkplot(grafo, edge.label=round(E(grafo)$weight, 3))
grafo <- graph_from_adjacency_matrix(matrizDeAdjacencia, mode = "undirected", weighted = TRUE)
tkplot(grafo, edge.label=round(E(grafo)$weight, 3))
matrizDeAdjacencia <- as.matrix(rbind(c(0, 20, 0, 0, 0, 0, 0, 29, 0, 0, 0, 29, 37, 0, 0, 0, 0, 0),
c(20, 0, 25, 0, 0, 0, 0, 28, 0, 0, 0, 39, 0, 0, 0, 0, 0, 0),
c(0, 25, 0, 24, 0, 0, 0, 30, 0, 0, 0, 0, 54, 0, 0, 0, 0, 0),
c(0, 0, 25, 0, 39, 32, 42, 0, 23, 33, 0, 0, 0, 56, 0, 0, 0, 0),
c(0, 0, 0, 39, 0, 12, 26, 0, 0, 19, 0, 0, 0, 0, 0, 0, 0, 0),
c(0, 0, 0, 32, 12, 0, 17, 0, 0, 0, 30, 0, 0, 0, 0, 0, 0, 0),
c(0, 0, 0, 42, 26, 17, 0, 0, 0, 0, 38, 0, 0, 0, 0, 0, 0, 0),
c(29, 28, 30, 0, 0, 0, 0, 0, 0, 0, 0, 25, 22, 0, 0, 0, 0, 0),
c(0, 0, 0, 23, 0, 0, 0, 0, 0, 26, 0, 0, 34, 37, 0, 43, 0, 0),
c(0, 0, 0, 33, 19, 35, 0, 0, 26, 0, 24, 0, 0, 30, 19, 0, 0, 0),
c(0, 0, 0, 0, 0, 30, 38, 0, 0, 24, 0, 0, 0, 0, 26, 0, 0, 36),
c(29, 39, 0, 0, 0, 0, 0, 25, 0, 0, 0, 0, 27, 0, 0, 43, 0, 0),
c(37, 0, 54, 0, 0, 0, 0, 22, 34, 0, 0, 27, 0, 24, 0, 19, 0, 0),
c(0, 0, 0, 56, 0, 0, 0, 0, 37, 30, 0, 0, 24, 0, 20, 19, 17, 0),
c(0, 0, 0, 0, 0, 0, 0, 0, 0, 19, 26, 0, 0, 20, 0, 0, 18, 21),
c(0, 0, 0, 0, 0, 0, 0, 0, 43, 0, 0, 43, 19, 19, 0, 0, 26, 0),
c(0, 0, 0, 0, 0, 0, 0, 0, 0, 0, 0, 0, 0, 17, 18, 26, 0, 15),
c(0, 0, 0, 0, 0, 0, 0, 0, 0, 0, 36, 0, 0, 0, 21, 0, 15, 0)))
rm(list = ls())
#Upar pro git -> git push --mirror https://github.com/LuanPoi/IA_AGxPSO.git
#Bibliotecas:
library(igraph)
#Definição de variáveis
matrizDeAdjacencia <- as.matrix(rbind(c(0, 20, 0, 0, 0, 0, 0, 29, 0, 0, 0, 29, 37, 0, 0, 0, 0, 0),
c(20, 0, 25, 0, 0, 0, 0, 28, 0, 0, 0, 39, 0, 0, 0, 0, 0, 0),
c(0, 25, 0, 24, 0, 0, 0, 30, 0, 0, 0, 0, 54, 0, 0, 0, 0, 0),
c(0, 0, 25, 0, 39, 32, 42, 0, 23, 33, 0, 0, 0, 56, 0, 0, 0, 0),
c(0, 0, 0, 39, 0, 12, 26, 0, 0, 19, 0, 0, 0, 0, 0, 0, 0, 0),
c(0, 0, 0, 32, 12, 0, 17, 0, 0, 0, 30, 0, 0, 0, 0, 0, 0, 0),
c(0, 0, 0, 42, 26, 17, 0, 0, 0, 0, 38, 0, 0, 0, 0, 0, 0, 0),
c(29, 28, 30, 0, 0, 0, 0, 0, 0, 0, 0, 25, 22, 0, 0, 0, 0, 0),
c(0, 0, 0, 23, 0, 0, 0, 0, 0, 26, 0, 0, 34, 37, 0, 43, 0, 0),
c(0, 0, 0, 33, 19, 35, 0, 0, 26, 0, 24, 0, 0, 30, 19, 0, 0, 0),
c(0, 0, 0, 0, 0, 30, 38, 0, 0, 24, 0, 0, 0, 0, 26, 0, 0, 36),
c(29, 39, 0, 0, 0, 0, 0, 25, 0, 0, 0, 0, 27, 0, 0, 43, 0, 0),
c(37, 0, 54, 0, 0, 0, 0, 22, 34, 0, 0, 27, 0, 24, 0, 19, 0, 0),
c(0, 0, 0, 56, 0, 0, 0, 0, 37, 30, 0, 0, 24, 0, 20, 19, 17, 0),
c(0, 0, 0, 0, 0, 0, 0, 0, 0, 19, 26, 0, 0, 20, 0, 0, 18, 21),
c(0, 0, 0, 0, 0, 0, 0, 0, 43, 0, 0, 43, 19, 19, 0, 0, 26, 0),
c(0, 0, 0, 0, 0, 0, 0, 0, 0, 0, 0, 0, 0, 17, 18, 26, 0, 15),
c(0, 0, 0, 0, 0, 0, 0, 0, 0, 0, 36, 0, 0, 0, 21, 0, 15, 0)))
grafo <- graph_from_adjacency_matrix(matrizDeAdjacencia, mode = "undirected", weighted = TRUE)
tkplot(grafo, edge.label=round(E(grafo)$weight, 3))
distances(grafo)
#Upar pro git -> git push --mirror https://github.com/LuanPoi/IA_AGxPSO.git
#Bibliotecas:
library(igraph)
#Definição de variáveis
matrizDeAdjacencia <- as.matrix(rbind(c(0, 20, 0, 0, 0, 0, 0, 29, 0, 0, 0, 29, 37, 0, 0, 0, 0, 0),
c(20, 0, 25, 0, 0, 0, 0, 28, 0, 0, 0, 39, 0, 0, 0, 0, 0, 0),
c(0, 25, 0, 24, 0, 0, 0, 30, 0, 0, 0, 0, 54, 0, 0, 0, 0, 0),
c(0, 0, 25, 0, 39, 32, 42, 0, 23, 33, 0, 0, 0, 56, 0, 0, 0, 0),
c(0, 0, 0, 39, 0, 12, 26, 0, 0, 19, 0, 0, 0, 0, 0, 0, 0, 0),
c(0, 0, 0, 32, 12, 0, 17, 0, 0, 0, 30, 0, 0, 0, 0, 0, 0, 0),
c(0, 0, 0, 42, 26, 17, 0, 0, 0, 0, 38, 0, 0, 0, 0, 0, 0, 0),
c(29, 28, 30, 0, 0, 0, 0, 0, 0, 0, 0, 25, 22, 0, 0, 0, 0, 0),
c(0, 0, 0, 23, 0, 0, 0, 0, 0, 26, 0, 0, 34, 37, 0, 43, 0, 0),
c(0, 0, 0, 33, 19, 35, 0, 0, 26, 0, 24, 0, 0, 30, 19, 0, 0, 0),
c(0, 0, 0, 0, 0, 30, 38, 0, 0, 24, 0, 0, 0, 0, 26, 0, 0, 36),
c(29, 39, 0, 0, 0, 0, 0, 25, 0, 0, 0, 0, 27, 0, 0, 43, 0, 0),
c(37, 0, 54, 0, 0, 0, 0, 22, 34, 0, 0, 27, 0, 24, 0, 19, 0, 0),
c(0, 0, 0, 56, 0, 0, 0, 0, 37, 30, 0, 0, 24, 0, 20, 19, 17, 0),
c(0, 0, 0, 0, 0, 0, 0, 0, 0, 19, 26, 0, 0, 20, 0, 0, 18, 21),
c(0, 0, 0, 0, 0, 0, 0, 0, 43, 0, 0, 43, 19, 19, 0, 0, 26, 0),
c(0, 0, 0, 0, 0, 0, 0, 0, 0, 0, 0, 0, 0, 17, 18, 26, 0, 15),
c(0, 0, 0, 0, 0, 0, 0, 0, 0, 0, 36, 0, 0, 0, 21, 0, 15, 0)))
grafo <- graph_from_adjacency_matrix(matrizDeAdjacencia, mode = "undirected", weighted = TRUE)
tkplot(grafo, edge.label=round(E(grafo)$weight, 3))
tkplot(grafo, edge.label=round(E(grafo)$weight, 3))
rglplot(grafo, edge.label=round(E(grafo)$weight, 3))
rglplot(grafo)
install.packages("rgl")
install.packages("rgl")
library(rgl)
rglplot(grafo)
rglplot(grafo, edge.label=round(E(grafo)$weight, 3))
random_walk(grafo, 1, 18)
distance_table(grafo)
distancia <- distance_table(grafo)
rm(distancia)
edge_attr(grafo, value)
edge_attr(grafo)
edge_attr(grafo[2])
